#
# rough estimate: columns 1-105 (2mm tiles) are 26 MeV wide
#                 columns 106-145 (1mm tiles) are 13 MeV wide
#		  E_1(low)=2.995 GeV; I = 991.4 A, B = 1.78 T
  2.995        3.021         2.995        3.021        
  3.021        3.047         3.021        3.047        
  3.047        3.073         3.047        3.073        
  3.073        3.099         3.073        3.099        
  3.099        3.125         3.099        3.125        
  3.125        3.151         3.125        3.151        
  3.151        3.177         3.151        3.177        
  3.177        3.203         3.177        3.203        
  3.203        3.229         3.203        3.229        
  3.229        3.255         3.229        3.255        
  3.255        3.281         3.255        3.281        
  3.281        3.307         3.281        3.307        
  3.307        3.333         3.307        3.333        
  3.333        3.359         3.333        3.359        
  3.359        3.385         3.359        3.385        
  3.385        3.411         3.385        3.411        
  3.411        3.437         3.411        3.437        
  3.437        3.463         3.437        3.463        
  3.463        3.489         3.463        3.489        
  3.489        3.515         3.489        3.515        
  3.515        3.541         3.515        3.541        
  3.541        3.567         3.541        3.567        
  3.567        3.593         3.567        3.593        
  3.593        3.619         3.593        3.619        
  3.619        3.645         3.619        3.645        
  3.645        3.671         3.645        3.671        
  3.671        3.697         3.671        3.697        
  3.697        3.723         3.697        3.723        
  3.723        3.749         3.723        3.749        
  3.749        3.775         3.749        3.775        
  3.775        3.801         3.775        3.801        
  3.801        3.827         3.801        3.827        
  3.827        3.853         3.827        3.853        
  3.853        3.879         3.853        3.879        
  3.879        3.905         3.879        3.905        
  3.905        3.931         3.905        3.931        
  3.931        3.957         3.931        3.957        
  3.957        3.983         3.957        3.983        
  3.983        4.009         3.983        4.009        
  4.009        4.035         4.009        4.035        
  4.035        4.061         4.035        4.061        
  4.061        4.087         4.061        4.087        
  4.087        4.113         4.087        4.113        
  4.113        4.139         4.113        4.139        
  4.139        4.165         4.139        4.165        
  4.165        4.191         4.165        4.191        
  4.191        4.217         4.191        4.217        
  4.217        4.243         4.217        4.243        
  4.243        4.269         4.243        4.269        
  4.269        4.295         4.269        4.295        
  4.295        4.321         4.295        4.321        
  4.321        4.347         4.321        4.347        
  4.347        4.373         4.347        4.373        
  4.373        4.399         4.373        4.399        
  4.399        4.425         4.399        4.425        
  4.425        4.451         4.425        4.451        
  4.451        4.477         4.451        4.477        
  4.477        4.503         4.477        4.503        
  4.503        4.529         4.503        4.529        
  4.529        4.555         4.529        4.555        
  4.555        4.581         4.555        4.581        
  4.581        4.607         4.581        4.607        
  4.607        4.633         4.607        4.633        
  4.633        4.659         4.633        4.659        
  4.659        4.685         4.659        4.685        
  4.685        4.711         4.685        4.711        
  4.711        4.737         4.711        4.737        
  4.737        4.763         4.737        4.763        
  4.763        4.789         4.763        4.789        
  4.789        4.815         4.789        4.815        
  4.815        4.841         4.815        4.841        
  4.841        4.867         4.841        4.867        
  4.867        4.893         4.867        4.893        
  4.893        4.919         4.893        4.919        
  4.919        4.945         4.919        4.945        
  4.945        4.971         4.945        4.971        
  4.971        4.997         4.971        4.997        
  4.997        5.023         4.997        5.023        
  5.023        5.049         5.023        5.049        
  5.049        5.075         5.049        5.075        
  5.075        5.101         5.075        5.101        
  5.101        5.127         5.101        5.127        
  5.127        5.153         5.127        5.153        
  5.153        5.179         5.153        5.179        
  5.179        5.205         5.179        5.205        
  5.205        5.231         5.205        5.231        
  5.231        5.257         5.231        5.257        
  5.257        5.283         5.257        5.283        
  5.283        5.309         5.283        5.309        
  5.309        5.335         5.309        5.335        
  5.335        5.361         5.335        5.361        
  5.361        5.387         5.361        5.387        
  5.387        5.413         5.387        5.413        
  5.413        5.439         5.413        5.439        
  5.439        5.465         5.439        5.465        
  5.465        5.491         5.465        5.491        
  5.491        5.517         5.491        5.517        
  5.517        5.543         5.517        5.543        
  5.543        5.569         5.543        5.569        
  5.569        5.595         5.569        5.595        
  5.595        5.621         5.595        5.621        
  5.621        5.647         5.621        5.647        
  5.647        5.673         5.647        5.673        
  5.673        5.699         5.673        5.699        
  5.699        5.725         5.699        5.725        
  5.725        5.738         5.725        5.738        
  5.738        5.751         5.738        5.751        
  5.751        5.764         5.751        5.764        
  5.764        5.777         5.764        5.777        
  5.777        5.79          5.777        5.79         
  5.79         5.803         5.79         5.803        
  5.803        5.816         5.803        5.816        
  5.816        5.829         5.816        5.829        
  5.829        5.842         5.829        5.842        
  5.842        5.855         5.842        5.855        
  5.855        5.868         5.855        5.868        
  5.868        5.881         5.868        5.881        
  5.881        5.894         5.881        5.894        
  5.894        5.907         5.894        5.907        
  5.907        5.92          5.907        5.92         
  5.92         5.933         5.92         5.933        
  5.933        5.946         5.933        5.946        
  5.946        5.959         5.946        5.959        
  5.959        5.972         5.959        5.972        
  5.972        5.985         5.972        5.985        
  5.985        5.998         5.985        5.998        
  5.998        6.011         5.998        6.011        
  6.011        6.024         6.011        6.024        
  6.024        6.037         6.024        6.037        
  6.037        6.05          6.037        6.05         
  6.05         6.063         6.05         6.063        
  6.063        6.076         6.063        6.076        
  6.076        6.089         6.076        6.089        
  6.089        6.102         6.089        6.102        
  6.102        6.115         6.102        6.115        
  6.115        6.128         6.115        6.128        
  6.128        6.141         6.128        6.141        
  6.141        6.154         6.141        6.154        
  6.154        6.167         6.154        6.167        
  6.167        6.18          6.167        6.18         
  6.18         6.193         6.18         6.193        
  6.193        6.206         6.193        6.206        
  6.206        6.219         6.206        6.219        
  6.219        6.232         6.219        6.232        
  6.232        6.245         6.232        6.245        
